time infected recovered
1,1,0
2,1,0
3,1,0
4,1,0
5,2,0
6,2,0
7,3,0
8,3,0
9,3,0
10,4,0
11,4,0
12,4,0
13,5,0
14,6,0
15,6,0
16,7,0
17,7,0
18,7,0
19,8,0
20,8,0
21,8,0
22,12,0
23,12,0
24,12,0
25,12,0
26,12,0
27,13,0
28,17,0
29,17,0
30,17,0
31,20,0
32,21,0
33,21,0
34,22,0
35,25,0
36,25,0
37,27,0
38,27,0
39,29,0
40,29,0
41,32,0
42,34,0
43,35,0
44,35,0
45,35,0
46,37,0
47,37,0
48,37,0
49,38,0
50,38,0
51,38,0
52,38,0
53,41,0
54,41,0
55,41,0
56,43,0
57,43,0
58,44,0
59,45,0
60,45,0
61,45,0
62,46,0
63,49,0
64,49,0
65,54,0
66,54,0
67,55,0
68,57,0
69,58,0
70,59,0
71,63,0
72,65,0
73,67,0
74,69,0
75,72,0
76,72,0
77,73,0
78,76,0
79,77,0
80,78,0
81,78,0
82,79,0
83,81,0
84,83,0
85,83,0
86,84,0
87,86,0
88,87,0
89,88,0
90,93,0
91,95,0
92,96,0
93,96,0
94,96,0
95,99,0
96,102,0
97,103,0
98,107,0
99,108,0
100,112,0
101,111,1
102,120,1
103,122,1
104,128,1
105,128,2
106,130,2
107,131,3
108,133,3
109,133,3
110,136,4
111,140,4
112,144,4
113,145,5
114,144,6
115,147,6
116,147,7
117,149,7
118,151,7
119,153,8
120,155,8
121,156,8
122,154,12
123,157,12
124,159,12
125,160,12
126,163,12
127,164,13
128,162,17
129,166,17
130,168,17
131,169,20
132,168,21
133,170,21
134,172,22
135,173,25
136,179,25
137,178,27
138,180,27
139,181,29
140,186,29
141,185,32
142,186,34
143,189,35
144,194,35
145,197,35
146,196,37
147,197,37
148,201,37
149,205,38
150,205,38
151,205,38
152,208,38
153,208,41
154,212,41
155,214,41
156,219,43
157,222,43
158,225,44
159,226,45
160,228,45
161,232,45
162,233,46
163,235,49
164,239,49
165,238,54
166,241,54
167,246,55
168,244,57
169,245,58
170,245,59
171,245,63
172,247,65
173,248,67
174,252,69
175,256,72
176,262,72
177,265,73
178,266,76
179,268,77
180,270,78
181,272,78
182,271,79
183,275,81
184,278,83
185,279,83
186,283,84
187,285,86
188,292,87
189,299,88
190,301,93
191,305,95
192,304,96
193,306,96
194,310,96
195,311,99
196,311,102
197,311,103
198,311,107
199,318,108
200,318,112
201,319,112
202,312,121
203,312,123
204,310,129
205,311,130
206,316,132
207,322,134
208,323,136
209,327,136
210,329,140
211,330,144
212,330,148
213,332,150
214,333,150
215,339,153
216,343,154
217,343,156
218,346,158
219,344,161
220,350,163
221,357,164
222,358,166
223,358,169
224,359,171
225,365,172
226,371,175
227,377,177
228,381,179
229,382,183
230,383,185
231,382,189
232,383,189
233,386,191
234,387,194
235,388,198
236,389,204
237,393,205
238,397,207
239,398,210
240,399,215
241,403,217
242,404,220
243,408,224
244,410,229
245,409,232
246,411,233
247,414,234
248,413,238
249,409,243
250,413,243
251,416,243
252,418,246
253,423,249
254,426,253
255,428,255
256,424,262
257,427,265
258,426,269
259,430,271
260,440,273
261,443,277
262,446,279
263,445,284
264,453,288
265,454,292
266,455,295
267,450,301
268,453,301
269,453,303
270,455,304
271,458,308
272,458,312
273,458,315
274,455,321
275,451,328
276,450,334
277,448,338
278,448,342
279,450,345
280,450,348
281,449,350
282,449,350
283,445,356
284,444,361
285,444,362
286,444,367
287,444,371
288,438,379
289,436,387
290,436,394
291,436,400
292,438,400
293,437,402
294,435,406
295,438,410
296,438,413
297,438,414
298,437,418
299,430,426
300,434,430
301,440,431
302,440,433
303,442,435
304,442,439
305,446,441
306,443,448
307,446,456
308,448,459
309,452,463
310,453,469
311,454,474
312,455,478
313,454,482
314,455,483
315,454,492
316,456,497
317,458,499
318,455,504
319,456,505
320,448,513
321,441,521
322,441,524
323,440,527
324,437,530
325,430,537
326,422,546
327,417,554
328,413,560
329,408,565
330,405,568
331,402,571
332,403,572
333,399,577
334,399,581
335,394,586
336,390,593
337,386,598
338,381,604
339,377,608
340,371,614
341,365,620
342,362,624
343,356,632
344,350,639
345,350,641
346,350,644
347,346,648
348,343,651
349,343,652
350,339,656
351,336,659
352,331,664
353,323,672
354,316,679
355,312,683
356,309,686
357,303,692
358,300,695
359,294,701
360,282,713
361,276,720
362,271,725
363,267,729
364,255,741
365,250,746
366,246,750
367,245,751
368,244,754
369,243,756
370,240,759
371,233,766
372,229,770
373,226,773
374,224,776
375,221,779
376,216,784
377,214,786
378,210,790
379,205,795
380,202,798
381,201,799
382,201,799
383,199,801
384,195,805
385,194,806
386,189,811
387,185,815
388,183,817
389,177,823
390,170,830
391,164,836
392,162,838
393,161,839
394,159,841
395,152,848
396,149,851
397,148,852
398,145,855
399,144,856
400,136,864
401,129,871
402,127,873
403,123,877
404,119,881
405,113,887
406,109,891
407,98,902
408,93,907
409,85,915
410,78,922
411,72,928
412,67,933
413,64,936
414,62,938
415,54,946
416,47,953
417,43,957
418,41,959
419,39,961
420,39,961
421,38,962
422,35,965
423,33,967
424,33,967
425,33,967
426,32,968
427,29,971
428,27,973
429,27,973
430,27,973
431,27,973
432,25,975
433,24,976
434,20,980
435,20,980
436,17,983
437,16,984
438,15,985
439,15,985
440,15,985
441,15,985
442,14,986
443,12,988
444,11,989
445,9,991
446,6,994
447,6,994
448,6,994
449,5,995
450,5,995
451,5,995
452,5,995
453,5,995
454,5,995
455,5,995
456,5,995
457,5,995
458,5,995
459,5,995
460,5,995
461,4,996
462,4,996
463,4,996
464,4,996
465,4,996
466,4,996
467,4,996
468,2,998
469,1,999
470,1,999
471,1,999
472,1,999
473,1,999
474,0,1000
475,0,1000
476,0,1000
477,0,1000
478,0,1000
479,0,1000
480,0,1000
481,0,1000
482,0,1000
483,0,1000
484,0,1000
485,0,1000
486,0,1000
487,0,1000
488,0,1000
489,0,1000
490,0,1000
491,0,1000
492,0,1000
493,0,1000
494,0,1000
495,0,1000
496,0,1000
497,0,1000
498,0,1000
499,0,1000
500,0,1000
501,0,1000
502,0,1000
503,0,1000
504,0,1000
505,0,1000
506,0,1000
507,0,1000
508,0,1000
509,0,1000
510,0,1000
511,0,1000
512,0,1000
513,0,1000
514,0,1000
515,0,1000
516,0,1000
517,0,1000
518,0,1000
