time infected recovered
1,1,0
2,1,0
3,1,0
4,1,0
5,1,0
6,1,0
7,1,0
8,2,0
9,2,0
10,3,0
11,3,0
12,3,0
13,3,0
14,3,0
15,3,0
16,3,0
17,3,0
18,3,0
19,5,0
20,6,0
21,6,0
22,7,0
23,7,0
24,8,0
25,8,0
26,8,0
27,8,0
28,8,0
29,8,0
30,10,0
31,10,0
32,12,0
33,12,0
34,12,0
35,14,0
36,16,0
37,18,0
38,18,0
39,20,0
40,22,0
41,23,0
42,24,0
43,25,0
44,26,0
45,26,0
46,26,0
47,26,0
48,27,0
49,27,0
50,29,0
51,30,0
52,30,0
53,30,0
54,30,0
55,33,0
56,35,0
57,36,0
58,36,0
59,38,0
60,38,0
61,39,0
62,42,0
63,44,0
64,45,0
65,49,0
66,53,0
67,56,0
68,59,0
69,60,0
70,61,0
71,64,0
72,66,0
73,67,0
74,68,0
75,68,0
76,70,0
77,74,0
78,74,0
79,75,0
80,75,0
81,77,0
82,78,0
83,78,0
84,79,0
85,83,0
86,84,0
87,87,0
88,89,0
89,93,0
90,95,0
91,96,0
92,97,0
93,98,0
94,100,0
95,102,0
96,105,0
97,107,0
98,110,0
99,116,0
100,122,0
101,123,1
102,126,1
103,126,1
104,129,1
105,131,1
106,136,1
107,139,1
108,140,2
109,143,2
110,145,3
111,146,3
112,148,3
113,150,3
114,153,3
115,157,3
116,159,3
117,161,3
118,162,3
119,163,5
120,164,6
121,166,6
122,166,7
123,169,7
124,172,8
125,175,8
126,179,8
127,180,8
128,184,8
129,186,8
130,187,10
131,191,10
132,194,12
133,199,12
134,205,12
135,207,14
136,209,16
137,210,18
138,215,18
139,217,20
140,217,22
141,217,23
142,218,24
143,219,25
144,220,26
145,223,26
146,226,26
147,229,26
148,230,27
149,233,27
150,232,29
151,231,30
152,231,30
153,235,30
154,237,30
155,235,33
156,234,35
157,235,36
158,238,36
159,239,38
160,243,38
161,246,39
162,244,42
163,244,44
164,246,45
165,244,49
166,245,53
167,248,56
168,246,59
169,247,60
170,247,61
171,248,64
172,248,66
173,248,67
174,247,68
175,250,68
176,249,70
177,247,74
178,249,74
179,251,75
180,252,75
181,253,77
182,253,78
183,255,78
184,257,79
185,257,83
186,259,84
187,258,87
188,259,89
189,259,93
190,259,95
191,259,96
192,261,97
193,263,98
194,266,100
195,265,102
196,267,105
197,273,107
198,272,110
199,268,116
200,264,122
201,266,124
202,266,127
203,270,127
204,269,130
205,269,132
206,267,137
207,265,140
208,268,142
209,271,145
210,272,148
211,273,149
212,275,151
213,275,153
214,275,156
215,272,160
216,275,162
217,275,164
218,278,165
219,276,168
220,278,170
221,280,172
222,281,173
223,281,176
224,278,180
225,279,183
226,277,187
227,279,188
228,282,192
229,281,194
230,280,197
231,281,201
232,278,206
233,276,211
234,276,217
235,275,221
236,276,225
237,275,228
238,273,233
239,273,237
240,272,239
241,277,240
242,281,242
243,281,244
244,286,246
245,284,249
246,288,252
247,289,255
248,294,257
249,297,260
250,299,261
251,300,261
252,302,261
253,303,265
254,303,267
255,307,268
256,310,269
257,311,271
258,312,274
259,310,277
260,308,281
261,306,285
262,312,286
263,314,288
264,315,291
265,315,293
266,313,298
267,307,304
268,312,305
269,315,307
270,320,308
271,320,312
272,321,314
273,325,315
274,328,315
275,328,318
276,329,319
277,333,321
278,335,323
279,335,326
280,337,327
281,339,330
282,341,331
283,346,333
284,346,336
285,346,340
286,347,343
287,352,345
288,356,348
289,358,352
290,362,354
291,363,355
292,362,358
293,361,361
294,362,366
295,363,367
296,359,372
297,353,380
298,353,382
299,356,384
300,361,386
301,359,390
302,360,393
303,358,397
304,360,399
305,359,401
306,357,404
307,357,405
308,357,410
309,355,416
310,353,420
311,353,422
312,351,426
313,355,428
314,356,431
315,359,432
316,357,437
317,358,439
318,359,443
319,363,444
320,361,448
321,361,452
322,360,454
323,361,457
324,366,458
325,363,462
326,368,464
327,367,467
328,362,474
329,364,475
330,366,477
331,361,482
332,361,484
333,361,487
334,359,493
335,358,496
336,356,501
337,356,503
338,355,506
339,355,510
340,359,511
341,356,517
342,354,523
343,355,525
344,349,532
345,348,533
346,346,540
347,345,544
348,339,551
349,334,557
350,335,560
351,335,561
352,338,563
353,335,568
354,338,570
355,335,575
356,332,579
357,332,582
358,329,586
359,331,587
360,335,589
361,335,591
362,332,598
363,330,602
364,326,606
365,325,608
366,324,611
367,327,611
368,326,617
369,322,622
370,317,628
371,316,632
372,316,635
373,312,640
374,312,643
375,312,646
376,310,648
377,305,654
378,302,658
379,301,661
380,300,664
381,298,669
382,296,672
383,290,679
384,289,682
385,285,686
386,282,690
387,277,697
388,273,704
389,267,710
390,263,716
391,262,718
392,260,720
393,259,722
394,253,728
395,251,730
396,251,731
397,251,733
398,250,735
399,245,740
400,238,747
401,236,749
402,232,753
403,230,755
404,227,759
405,226,760
406,226,761
407,227,762
408,222,767
409,218,771
410,216,773
411,215,775
412,213,777
413,208,783
414,205,787
415,202,791
416,200,794
417,197,797
418,192,802
419,187,807
420,185,809
421,181,813
422,180,814
423,176,818
424,170,824
425,169,825
426,162,832
427,160,834
428,158,836
429,155,839
430,151,843
431,151,843
432,150,845
433,147,848
434,143,852
435,141,854
436,138,857
437,137,859
438,135,861
439,131,865
440,126,870
441,123,873
442,120,877
443,117,880
444,116,881
445,116,881
446,111,886
447,108,889
448,107,890
449,106,891
450,102,895
451,101,896
452,96,901
453,94,903
454,89,908
455,87,910
456,86,911
457,83,914
458,82,915
459,79,918
460,73,924
461,71,926
462,67,930
463,65,932
464,65,932
465,64,933
466,62,935
467,59,938
468,54,943
469,53,944
470,52,945
471,49,948
472,46,951
473,45,952
474,42,955
475,39,958
476,39,958
477,38,959
478,37,960
479,35,962
480,33,964
481,30,967
482,29,968
483,28,969
484,26,971
485,26,971
486,25,972
487,23,974
488,20,977
489,20,977
490,18,979
491,17,980
492,17,980
493,16,981
494,16,981
495,16,981
496,15,982
497,13,984
498,12,985
499,12,985
500,12,985
501,12,985
502,12,985
503,12,985
504,11,986
505,11,986
506,10,987
507,8,989
508,8,989
509,8,989
510,8,989
511,7,990
512,7,990
513,6,991
514,5,992
515,4,993
516,3,994
517,3,994
518,3,994
519,3,994
520,3,994
521,3,994
522,3,994
523,3,994
524,3,994
525,3,994
526,3,994
527,3,994
528,3,994
529,3,994
530,3,994
531,3,994
532,2,995
533,2,995
534,2,995
535,2,995
536,2,995
537,1,996
538,1,996
539,1,996
540,1,996
541,1,996
542,0,997
543,0,997
544,0,997
545,0,997
546,0,997
547,0,997
548,0,997
549,0,997
550,0,997
551,0,997
552,0,997
553,0,997
554,0,997
555,0,997
556,0,997
557,0,997
558,0,997
559,0,997
560,0,997
561,0,997
562,0,997
563,0,997
564,0,997
565,0,997
566,0,997
567,0,997
568,0,997
569,0,997
570,0,997
571,0,997
572,0,997
573,0,997
574,0,997
575,0,997
576,0,997
577,0,997
578,0,997
579,0,997
580,0,997
581,0,997
582,0,997
583,0,997
584,0,997
585,0,997
586,0,997
587,0,997
588,0,997
589,0,997
590,0,997
591,0,997
592,0,997
593,0,997
594,0,997
595,0,997
596,0,997
597,0,997
598,0,997
599,0,997
600,0,997
601,0,997
602,0,997
603,0,997
604,0,997
605,0,997
606,0,997
607,0,997
608,0,997
609,0,997
610,0,997
611,0,997
612,0,997
613,0,997
614,0,997
615,0,997
616,0,997
617,0,997
618,0,997
619,0,997
620,0,997
621,0,997
622,0,997
623,0,997
624,0,997
625,0,997
626,0,997
627,0,997
628,0,997
629,0,997
630,0,997
631,0,997
632,0,997
633,0,997
634,0,997
635,0,997
636,0,997
637,0,997
638,0,997
639,0,997
640,0,997
641,0,997
642,0,997
643,0,997
644,0,997
645,0,997
646,0,997
647,0,997
648,0,997
649,0,997
650,0,997
651,0,997
652,0,997
653,0,997
654,0,997
655,0,997
656,0,997
657,0,997
658,0,997
659,0,997
660,0,997
661,0,997
662,0,997
663,0,997
664,0,997
665,0,997
666,0,997
667,0,997
668,0,997
669,0,997
670,0,997
671,0,997
672,0,997
673,0,997
674,0,997
675,0,997
676,0,997
677,0,997
678,0,997
679,0,997
680,0,997
681,0,997
682,0,997
683,0,997
684,0,997
685,0,997
686,0,997
687,0,997
688,0,997
689,0,997
690,0,997
691,0,997
692,0,997
693,0,997
694,0,997
695,0,997
696,0,997
697,0,997
698,0,997
699,0,997
700,0,997
701,0,997
702,0,997
703,0,997
704,0,997
705,0,997
706,0,997
707,0,997
708,0,997
709,0,997
710,0,997
711,0,997
712,0,997
713,0,997
714,0,997
715,0,997
716,0,997
717,0,997
718,0,997
719,0,997
720,0,997
721,0,997
722,0,997
723,0,997
724,0,997
725,0,997
726,0,997
727,0,997
728,0,997
729,0,997
730,0,997
731,0,997
732,0,997
733,0,997
734,0,997
735,0,997
736,0,997
