time infected recovered
1,1,0
2,1,0
3,2,0
4,2,0
5,2,0
6,3,0
7,3,0
8,3,0
9,3,0
10,3,0
11,4,0
12,5,0
13,5,0
14,5,0
15,5,0
16,6,0
17,7,0
18,7,0
19,9,0
20,11,0
21,12,1
22,13,1
23,12,2
24,15,2
25,18,2
26,17,3
27,19,3
28,21,3
29,25,3
30,26,3
31,27,4
32,27,5
33,27,5
34,27,5
35,28,5
36,28,6
37,30,7
38,32,7
39,31,9
40,30,11
41,29,13
42,29,14
43,30,14
44,30,17
45,28,20
46,28,20
47,26,22
48,25,24
49,21,28
50,20,29
51,19,31
52,18,32
53,18,32
54,20,32
55,23,33
56,23,34
57,22,37
58,20,39
59,21,40
60,20,41
61,20,42
62,19,43
63,18,44
64,15,47
65,16,48
66,16,48
67,18,48
68,17,49
69,17,49
70,18,49
71,17,50
72,17,50
73,17,50
74,15,52
75,11,56
76,10,57
77,9,59
78,9,59
79,7,61
80,7,61
81,6,62
82,6,62
83,6,62
84,6,62
85,4,64
86,5,64
87,3,66
88,4,66
89,6,66
90,5,67
91,8,67
92,8,67
93,8,67
94,9,67
95,10,67
96,11,67
97,10,68
98,10,68
99,10,68
100,10,68
101,10,68
102,11,68
103,11,68
104,14,68
105,14,68
106,14,69
107,16,69
108,15,70
109,13,72
110,14,72
111,11,75
112,11,75
113,11,75
114,10,76
115,9,77
116,8,78
117,9,78
118,10,78
119,10,78
120,10,78
121,10,78
122,9,79
123,9,79
124,6,82
125,8,82
126,7,83
127,5,85
128,6,85
129,7,85
130,6,86
131,6,86
132,6,86
133,7,86
134,7,86
135,8,86
136,8,86
137,7,87
138,6,88
139,6,88
140,6,88
141,6,88
142,6,88
143,6,88
144,6,88
145,5,90
146,5,90
147,6,90
148,6,91
149,5,92
150,5,92
151,5,92
152,5,92
153,5,93
154,5,93
155,4,94
156,4,94
157,4,94
158,4,94
159,4,94
160,5,94
161,5,94
162,5,94
163,5,94
164,6,94
165,5,95
166,6,95
167,5,96
168,4,97
169,5,97
170,5,97
171,5,97
172,5,97
173,4,98
174,5,98
175,5,98
176,5,98
177,6,98
178,7,98
179,7,98
180,7,99
181,7,99
182,8,99
183,8,99
184,7,100
185,7,100
186,9,101
187,9,101
188,9,101
189,11,102
190,11,102
191,11,102
192,12,102
193,14,102
194,14,103
195,14,103
196,15,103
197,16,104
198,18,105
199,18,105
200,20,106
201,22,106
202,21,107
203,21,107
204,22,107
205,23,107
206,25,110
207,25,110
208,26,110
209,26,113
210,31,113
211,35,113
212,35,114
213,33,116
214,35,117
215,37,117
216,38,118
217,37,120
218,34,123
219,35,123
220,32,126
221,31,128
222,31,128
223,32,128
224,31,129
225,30,130
226,25,135
227,25,135
228,25,136
229,24,139
230,19,144
231,15,148
232,15,149
233,15,149
234,12,152
235,10,154
236,8,156
237,7,157
238,7,157
239,6,158
240,6,158
241,6,159
242,6,159
243,5,160
244,5,160
245,5,160
246,5,160
247,5,160
248,4,161
249,2,163
250,3,163
251,3,163
252,3,164
253,3,164
254,3,164
255,4,164
256,4,164
257,5,164
258,7,164
259,8,164
260,8,164
261,7,165
262,7,165
263,9,165
264,9,165
265,9,165
266,9,165
267,10,165
268,12,165
269,12,165
270,11,166
271,11,166
272,11,167
273,11,167
274,11,167
275,10,168
276,11,168
277,12,169
278,11,171
279,11,172
280,12,172
281,12,172
282,12,172
283,11,174
284,11,174
285,12,174
286,13,174
287,13,175
288,11,177
289,11,177
290,11,177
291,11,177
292,12,178
293,12,178
294,12,178
295,12,178
296,11,179
297,9,181
298,9,182
299,8,183
300,8,184
301,8,184
302,8,184
303,7,185
304,8,185
305,8,186
306,7,187
307,6,188
308,6,188
309,6,188
310,6,188
311,6,188
312,5,190
313,5,190
314,5,190
315,5,190
316,6,190
317,6,190
318,5,191
319,5,191
320,4,192
321,4,192
322,4,192
323,4,192
324,3,193
325,2,194
326,2,194
327,2,194
328,2,194
329,2,194
330,2,194
331,2,194
332,1,195
333,1,195
334,1,195
335,1,195
336,0,196
337,0,196
338,0,196
339,0,196
340,0,196
341,0,196
342,0,196
343,0,196
344,0,196
345,0,196
346,0,196
347,0,196
348,0,196
349,0,196
350,0,196
351,0,196
352,0,196
353,0,196
354,0,196
355,0,196
356,0,196
357,0,196
358,0,196
359,0,196
360,0,196
361,0,196
362,0,196
363,0,196
364,0,196
365,0,196
366,0,196
367,0,196
368,0,196
369,0,196
370,0,196
371,0,196
372,0,196
373,0,196
374,0,196
375,0,196
376,0,196
377,0,196
378,0,196
379,0,196
380,0,196
381,0,196
382,0,196
383,0,196
384,0,196
385,0,196
386,0,196
387,0,196
388,0,196
389,0,196
390,0,196
391,0,196
392,0,196
393,0,196
394,0,196
395,0,196
396,0,196
397,0,196
398,0,196
399,0,196
400,0,196
401,0,196
402,0,196
403,0,196
404,0,196
405,0,196
406,0,196
407,0,196
408,0,196
409,0,196
410,0,196
411,0,196
412,0,196
413,0,196
414,0,196
415,0,196
416,0,196
417,0,196
418,0,196
419,0,196
420,0,196
421,0,196
422,0,196
423,0,196
424,0,196
425,0,196
426,0,196
427,0,196
428,0,196
429,0,196
430,0,196
431,0,196
432,0,196
433,0,196
434,0,196
435,0,196
436,0,196
437,0,196
438,0,196
439,0,196
440,0,196
441,0,196
442,0,196
443,0,196
444,0,196
445,0,196
446,0,196
447,0,196
448,0,196
449,0,196
450,0,196
451,0,196
452,0,196
453,0,196
454,0,196
455,0,196
456,0,196
457,0,196
458,0,196
459,0,196
460,0,196
461,0,196
462,0,196
463,0,196
464,0,196
465,0,196
466,0,196
467,0,196
468,0,196
469,0,196
470,0,196
471,0,196
472,0,196
473,0,196
474,0,196
